sub_projs/PEP725/climate_data/grids_germany_multi_annual_soil_moist_1991-2010_07.asc
NCOLS    654
NROWS    866
XLLCORNER 3280414.5
YLLCORNER 5237500.5
CELLSIZE 1000
NODATA_VALUE -9999
[rows 468 to 519 of 866, columns 288 to 383 of 654]
65 68 68 69 66 66 66 70 65 66 65 66 66 65 68 70 68 67 69 67 66 66 67 70 71 70 71 74 78 79 82 83 84 85 85 83 87 81 84 84 77 78 75 71 72 71 75 73 71 70 70 70 70 70 71 70 72 73 72 73 72 71 70 69 70 71 70 66 66 66 66 66 67 67 68 69 69 70 70 70 70 70 70 69 67 72 74 73 73 73 72 70 70 73 72 68
67 65 65 69 65 65 65 65 65 65 66 67 65 65 67 67 66 69 67 70 66 66 66 68 69 70 70 72 77 82 83 79 81 80 82 84 82 83 83 83 80 79 76 75 76 76 73 72 70 73 71 71 70 70 71 71 73 73 74 75 74 75 73 71 69 70 71 67 67 67 67 67 67 67 69 70 70 70 70 70 69 69 69 71 69 71 72 73 74 73 74 73 72 72 73 73
67 65 68 65 66 69 70 67 70 70 65 65 66 65 65 65 67 67 67 67 70 66 65 65 68 69 71 70 74 75 84 78 78 78 80 84 88 82 81 84 81 78 77 74 74 74 72 74 72 74 73 71 71 70 73 72 72 73 74 75 75 73 74 73 70 70 70 72 68 68 68 69 68 68 70 70 71 72 72 72 71 70 68 69 68 69 71 72 72 71 72 73 72 73 73 73
66 66 68 67 69 70 70 66 70 70 66 66 66 66 66 65 65 65 65 65 67 66 67 66 66 67 68 71 72 76 82 82 77 87 86 79 80 82 77 81 81 81 78 77 76 74 73 77 73 78 75 72 71 71 71 72 72 73 73 73 72 71 74 73 71 70 71 66 74 71 69 68 68 68 69 71 72 72 73 73 73 72 73 70 68 69 71 71 71 73 73 73 72 73 72 73
66 67 67 70 70 68 70 70 66 71 69 68 67 67 67 66 67 66 66 65 65 65 65 65 66 68 69 73 70 73 76 78 74 84 82 77 78 81 77 81 84 82 77 75 74 73 76 78 81 80 79 79 74 74 72 72 73 73 73 73 74 72 74 73 73 72 68 67 68 69 73 69 68 68 69 71 72 73 73 73 71 70 69 68 69 69 69 73 73 74 74 74 74 71 68 74
67 68 68 75 74 68 70 72 66 71 72 74 73 71 68 67 67 67 67 65 66 65 65 65 66 67 68 68 69 72 72 72 72 80 82 77 79 81 81 82 84 79 77 78 77 74 74 75 79 80 83 78 77 74 75 74 74 73 73 74 73 74 73 72 73 72 69 68 73 72 74 73 69 69 69 70 71 72 70 68 69 69 69 69 72 72 73 72 73 74 75 74 75 75 71 68
70 70 68 72 75 71 70 72 70 67 67 68 70 75 68 67 68 67 68 67 67 67 65 65 66 67 66 67 69 72 69 69 75 77 79 72 77 83 78 84 85 84 83 80 77 74 74 77 80 81 80 76 79 73 84 79 79 74 74 74 74 74 74 74 73 69 68 74 74 77 77 75 72 69 70 69 70 71 70 70 73 71 73 71 74 76 76 73 70 71 72 69 76 69 69 68
68 68 69 77 80 73 68 70 72 71 66 67 73 74 70 70 68 68 67 68 68 68 67 65 66 65 67 68 67 72 67 71 74 77 75 71 74 74 81 87 85 84 85 81 78 76 77 75 82 85 85 83 82 79 82 82 77 75 74 74 75 74 73 72 70 68 70 72 76 73 72 73 74 70 70 71 70 69 73 74 75 76 73 71 73 71 70 70 69 68 70 67 69 68 68 69
69 69 70 73 77 73 70 73 73 72 70 67 68 69 73 69 68 71 70 71 70 69 68 65 65 66 66 68 69 66 69 71 71 74 73 73 70 79 78 83 81 82 83 83 76 79 76 81 81 84 79 75 74 79 77 83 84 77 75 74 72 73 73 72 70 69 72 73 77 73 72 71 70 70 72 71 70 71 71 74 74 73 73 73 70 70 70 68 69 67 67 66 66 65 65 70
69 71 72 73 73 71 70 73 73 74 70 72 67 68 72 72 70 76 75 75 70 71 67 67 65 65 65 67 66 69 69 70 74 75 76 71 70 72 79 74 80 89 84 83 83 82 79 81 82 85 83 81 80 82 82 82 82 76 74 74 70 74 74 73 71 71 76 76 74 72 71 71 70 72 73 70 71 73 71 72 71 71 71 72 73 73 72 70 68 70 71 71 67 70 65 64
68 67 69 70 71 71 71 72 75 75 74 71 69 68 72 72 75 72 75 77 76 69 70 69 66 65 65 66 67 69 69 70 74 70 73 68 71 71 73 82 80 85 89 85 84 85 82 86 80 86 81 79 81 78 83 82 82 77 74 71 74 76 75 71 70 71 76 77 76 73 72 71 73 71 71 71 72 73 73 72 75 73 72 73 72 73 74 71 71 73 71 73 72 71 70 63
67 69 69 68 71 71 71 73 75 84 74 72 69 67 68 70 70 74 76 80 76 76 71 70 67 65 65 65 65 67 71 72 74 69 72 68 70 75 73 77 80 84 89 88 88 88 86 84 84 85 86 85 85 80 82 80 76 80 72 70 75 72 72 74 72 70 78 75 73 72 72 73 73 72 71 71 77 73 74 77 73 74 73 74 74 74 73 73 74 74 72 71 71 67 69 65
69 72 71 73 74 72 72 76 77 74 73 71 68 70 68 69 72 75 76 75 73 71 70 69 69 68 69 65 66 67 70 73 72 70 69 70 71 73 74 73 79 79 84 89 89 87 89 87 87 84 88 87 79 86 82 80 80 82 73 76 74 74 74 75 73 75 74 72 73 72 71 72 73 72 71 72 73 73 72 71 73 71 70 73 74 74 69 72 74 73 73 71 68 66 66 66
67 69 70 73 75 75 76 73 74 71 70 68 71 71 70 72 71 77 75 71 73 73 71 71 70 67 68 65 66 70 69 68 68 68 67 69 69 74 75 74 80 84 83 85 79 80 88 88 89 89 87 85 84 86 86 82 84 79 74 78 76 73 73 73 72 73 74 74 75 72 72 73 73 72 71 73 77 73 72 71 72 74 72 68 68 70 69 69 74 74 69 69 66 65 64 62
69 69 71 73 78 82 78 80 74 72 70 68 70 71 73 76 73 73 70 70 70 69 72 71 70 71 69 65 66 66 67 68 69 72 72 67 69 74 75 80 78 80 81 75 75 75 80 86 90 91 90 87 89 88 88 84 84 75 78 78 75 73 75 75 73 77 74 74 73 73 74 75 74 73 71 73 74 74 74 71 68 73 71 72 70 69 66 67 69 69 73 73 74 69 69 63
73 72 72 76 81 84 81 83 77 72 72 69 70 71 69 70 71 72 70 69 71 73 71 72 69 71 67 65 67 71 68 69 71 72 74 69 69 70 77 78 77 78 74 81 80 83 81 91 90 91 86 91 92 88 84 87 80 76 82 76 83 79 78 76 74 77 78 77 75 74 76 74 74 73 71 73 73 73 71 71 72 70 67 67 68 69 69 65 64 66 67 70 70 67 66 63
72 71 72 77 80 77 80 82 79 76 71 69 74 71 71 71 74 71 70 70 73 71 70 68 69 68 66 65 70 72 71 73 70 74 71 72 69 69 72 74 75 73 73 76 81 85 83 85 85 86 88 92 88 90 86 86 84 83 81 84 83 86 84 83 82 77 75 75 75 75 76 73 73 71 72 73 72 73 72 72 74 73 69 69 66 67 67 69 71 66 64 66 63 63 62 62
69 70 73 76 74 77 81 79 80 81 73 70 75 71 72 73 74 72 71 70 71 73 71 71 72 72 67 66 69 68 72 72 72 74 72 73 70 71 69 70 75 72 75 77 80 83 84 82 84 90 83 82 85 89 89 89 81 79 83 86 86 87 80 77 77 76 76 74 74 74 74 74 75 72 73 73 73 73 73 72 73 69 71 68 69 69 69 73 73 73 74 66 63 65 66 63
69 72 80 83 79 76 80 75 81 77 72 70 76 76 74 78 76 77 74 70 71 72 71 73 70 71 67 66 69 69 71 74 74 76 75 74 72 73 73 72 74 71 75 77 77 79 84 85 83 86 80 88 91 91 91 88 87 89 83 82 86 84 80 83 81 83 76 75 74 74 73 74 73 73 73 73 73 72 71 69 71 67 67 67 68 70 71 72 74 66 67 70 70 66 67 65
68 72 77 80 81 80 80 80 76 73 71 74 79 80 79 83 78 78 72 70 70 69 71 72 68 66 68 67 70 73 72 72 73 75 77 76 75 76 76 75 72 71 74 76 78 80 82 83 80 79 77 84 88 94 93 90 94 88 83 81 85 84 77 83 90 80 84 74 78 75 74 73 73 73 74 74 74 73 70 70 71 68 69 69 71 71 76 71 68 74 75 74 72 72 69 67
73 69 72 76 78 80 80 76 76 73 71 74 73 78 81 82 82 76 72 71 71 69 69 69 68 71 71 66 66 68 73 72 73 72 75 75 74 75 75 75 74 70 72 75 73 80 77 75 74 77 79 81 82 84 91 92 94 91 90 86 84 81 81 85 87 83 78 83 80 77 78 77 74 74 75 76 76 77 72 74 72 73 73 70 72 72 72 69 75 77 79 76 76 73 75 69
70 70 69 71 76 79 81 80 79 77 73 72 72 78 79 79 82 80 77 74 72 71 69 71 70 71 69 66 66 68 72 69 72 73 74 76 75 72 72 74 74 70 74 74 74 73 76 80 75 75 77 77 80 83 87 86 89 89 84 86 84 79 78 86 86 78 81 84 80 81 80 78 75 74 78 81 80 75 78 77 74 78 75 73 74 70 68 74 76 80 80 80 75 81 74 70
74 74 72 70 73 81 82 81 81 79 75 76 72 81 82 78 79 80 78 75 73 72 74 72 75 69 67 69 66 69 68 72 72 77 75 73 74 73 73 73 71 71 75 73 72 79 81 85 82 76 79 75 77 78 80 81 89 88 92 91 82 81 83 83 81 82 86 84 83 83 82 81 77 75 83 84 80 81 79 79 81 78 77 70 69 66 69 76 79 82 80 77 76 77 75 75
78 84 77 70 74 82 84 81 81 80 79 79 73 76 80 79 79 81 79 75 71 70 71 71 72 69 68 71 68 69 67 70 75 75 75 80 79 76 75 70 70 71 74 71 72 73 76 78 82 82 81 77 77 78 78 79 79 86 88 88 86 84 83 83 84 81 88 81 85 83 79 79 76 78 87 81 80 77 78 80 79 78 77 72 76 76 68 74 78 75 78 79 80 80 74 77
75 74 74 70 73 78 81 80 79 79 82 79 76 73 74 74 79 80 79 75 71 70 71 71 69 69 71 70 66 68 68 73 75 73 78 82 80 75 75 71 73 69 71 76 77 76 76 75 80 82 82 73 77 84 83 82 89 91 89 85 86 85 84 84 87 84 85 85 82 79 82 79 76 83 82 78 74 80 75 78 72 77 78 69 70 78 75 78 73 72 72 76 76 79 78 76
75 71 70 72 71 74 78 77 81 77 78 77 75 74 76 78 78 79 75 73 71 74 73 70 69 69 70 70 70 66 67 74 73 73 76 77 76 72 74 69 72 73 75 73 73 72 73 72 74 75 72 73 75 79 86 84 89 83 85 84 85 85 86 86 86 88 87 84 84 84 84 82 78 85 82 79 79 77 72 70 72 73 69 77 78 72 82 78 71 74 76 79 78 77 78 79
74 71 74 75 73 73 73 79 80 79 76 75 74 74 75 76 75 76 74 73 72 74 72 72 71 70 70 69 68 66 66 72 74 72 71 73 73 72 71 69 75 75 75 71 72 75 72 72 75 74 73 75 76 82 81 88 89 81 83 83 82 85 87 86 84 87 86 82 83 85 84 83 81 83 80 81 77 79 71 76 73 79 78 76 78 76 78 76 75 76 76 79 81 80 81 79
74 72 78 80 75 79 75 79 80 77 76 77 76 74 75 80 77 71 76 78 76 79 75 72 71 70 71 69 67 69 68 66 72 72 72 72 73 72 71 71 71 72 69 70 70 72 73 72 70 71 76 73 78 78 83 82 88 84 82 83 81 86 86 85 85 82 88 85 85 86 87 84 82 80 80 80 81 79 75 75 74 76 82 79 82 73 77 77 76 75 79 79 82 80 81 82
74 72 82 82 76 79 76 78 82 79 77 79 76 75 76 75 76 80 80 79 81 85 80 74 72 69 68 68 71 73 69 66 68 67 72 72 72 71 68 72 69 72 74 74 75 76 76 76 77 76 79 77 79 77 80 81 82 83 83 82 76 83 85 78 85 84 85 87 87 84 83 82 82 81 81 82 78 78 74 77 81 81 83 83 86 82 74 74 80 83 83 81 84 82 78 78
76 72 77 80 78 77 76 79 85 84 81 76 75 81 76 74 75 78 76 80 82 84 79 76 73 69 68 73 74 73 72 66 68 74 71 73 72 71 69 71 68 72 72 74 75 74 77 79 78 79 78 78 80 76 75 74 80 79 80 81 79 77 80 86 79 83 79 82 84 87 87 81 82 81 80 82 82 76 75 78 79 79 83 86 82 78 81 81 80 81 84 85 84 76 73 72
72 75 74 77 84 82 79 83 87 83 80 77 77 77 74 74 74 73 74 74 79 83 77 71 75 68 70 74 73 71 72 67 68 71 73 73 69 68 68 68 68 70 71 73 72 77 76 76 81 79 76 80 76 77 75 76 78 75 78 76 84 83 80 85 84 76 86 80 84 84 81 81 80 82 77 81 78 76 77 80 78 83 84 84 84 77 83 84 82 82 83 84 81 83 81 72
76 77 72 77 83 86 85 87 86 82 82 79 77 77 74 74 73 72 72 71 73 75 72 70 69 69 70 73 72 72 67 72 73 74 74 68 68 70 74 74 73 70 71 72 73 76 80 81 80 83 78 79 79 79 75 75 72 74 76 76 82 77 77 82 82 80 79 78 85 84 81 81 79 77 75 77 76 73 78 82 83 84 85 87 80 78 84 86 84 83 83 85 84 82 78 80
76 77 74 75 80 85 87 88 87 82 78 76 80 76 76 73 73 73 72 73 72 70 69 69 71 75 75 74 72 73 72 66 71 73 72 72 68 73 72 73 73 73 70 70 72 73 74 76 76 75 74 73 80 77 74 73 72 75 72 75 82 75 82 83 82 79 78 85 81 86 84 83 85 82 79 74 81 79 76 81 80 80 80 81 82 83 77 83 86 86 81 83 81 81 81 80
78 79 74 75 81 86 86 87 86 86 84 79 76 79 76 73 73 74 74 76 73 72 71 72 74 74 74 73 69 72 71 66 72 74 74 69 69 71 69 73 73 71 72 72 73 73 74 73 74 72 73 75 77 75 77 72 72 74 74 75 78 76 82 86 82 79 86 83 83 85 80 78 78 78 78 79 82 81 81 76 79 83 81 85 83 84 84 80 85 81 84 75 79 74 75 77
78 75 78 74 81 87 87 85 81 80 80 75 74 79 75 75 73 75 72 76 76 72 72 75 72 76 74 71 69 68 71 66 69 69 69 67 71 69 68 69 69 70 71 72 73 73 74 73 75 71 73 73 77 75 72 73 71 72 75 75 72 80 78 83 77 78 75 82 81 83 83 81 81 82 78 81 86 87 78 83 83 82 84 86 85 85 82 80 79 80 82 78 78 74 75 72
77 79 77 75 80 86 86 86 83 79 79 74 72 76 75 74 73 75 74 74 74 73 71 71 72 72 72 70 67 74 70 67 67 67 66 67 68 70 68 67 67 67 70 72 72 70 70 76 71 71 74 73 73 74 74 72 71 72 72 72 76 76 78 76 75 74 77 84 80 88 88 87 79 79 77 88 86 83 82 84 82 84 87 87 86 86 83 87 85 81 85 84 76 73 75 78
79 84 84 76 79 82 85 87 85 82 76 73 72 71 75 73 71 73 71 73 73 71 70 70 70 69 70 67 68 71 69 69 67 69 74 74 73 73 73 72 72 70 67 69 68 68 71 73 69 74 71 73 72 74 74 70 70 71 72 72 76 74 76 72 79 82 82 86 85 83 84 88 81 77 82 86 88 83 84 83 84 89 89 89 87 84 83 86 84 86 82 82 79 74 76 78
80 87 84 77 80 87 87 87 86 83 78 74 73 71 72 76 73 69 71 73 71 71 71 69 69 69 69 69 70 71 72 68 72 67 70 71 73 74 73 73 73 70 70 70 70 68 68 69 71 71 71 72 70 70 70 69 70 71 73 77 74 71 72 77 78 84 86 83 83 83 83 88 86 83 84 83 85 85 85 87 88 89 86 89 88 85 88 85 87 88 86 87 83 78 79 83
85 84 79 78 81 88 87 87 85 81 78 73 71 70 70 72 75 73 70 68 72 74 73 71 71 71 71 71 73 72 70 69 70 68 68 67 69 73 72 72 73 73 72 73 72 72 68 69 71 69 70 72 69 69 69 71 71 71 71 72 71 74 77 76 77 84 83 77 78 81 86 85 86 80 77 85 83 82 82 82 86 90 85 83 87 85 86 89 84 82 84 84 83 85 85 77
85 81 79 79 86 90 89 87 83 81 77 74 72 71 69 71 74 73 73 69 72 73 72 72 74 72 71 71 72 71 72 72 70 68 71 72 70 69 70 71 73 74 73 73 74 72 73 68 68 68 72 71 72 71 72 74 75 74 73 70 72 73 75 79 73 76 76 77 81 86 85 81 85 84 85 88 87 86 84 88 86 81 86 85 85 83 84 87 83 78 81 82 81 85 83 82
87 85 80 83 88 90 89 87 86 81 77 74 72 70 69 69 72 76 74 71 67 70 73 74 74 71 74 74 70 73 75 71 71 69 71 72 74 69 68 70 73 72 73 73 73 73 74 68 71 71 73 75 75 74 75 76 77 74 72 71 73 73 74 79 78 81 80 81 84 85 87 79 88 88 87 88 88 85 84 86 88 84 86 86 85 85 83 88 81 79 83 82 84 82 85 83
88 88 83 88 89 88 88 87 83 81 76 72 71 70 69 68 69 72 70 71 67 72 69 73 72 73 74 73 73 74 73 73 71 70 70 73 71 69 69 69 71 70 71 72 73 72 72 71 68 72 71 72 74 76 74 74 75 74 73 73 76 76 75 73 74 77 79 81 84 85 84 80 87 84 86 89 89 87 84 88 88 86 79 87 78 87 83 81 81 76 83 84 81 83 84 84
88 88 86 87 88 86 85 81 83 77 75 72 71 70 71 71 68 68 69 68 67 67 70 69 70 70 71 70 72 72 71 71 72 70 69 71 72 74 71 73 69 72 72 73 74 75 71 70 69 71 70 71 72 74 75 74 74 76 75 74 75 76 72 72 72 72 80 77 79 79 82 77 78 80 81 85 86 88 78 88 86 87 85 78 82 85 83 77 79 82 79 84 79 84 81 83
87 88 90 91 90 88 86 84 79 75 74 71 71 70 70 72 71 67 67 67 67 66 67 67 69 68 68 68 70 69 69 69 70 69 71 71 73 73 74 72 70 70 73 74 73 74 73 72 69 69 69 70 71 73 73 75 76 77 75 74 74 73 72 72 73 73 75 74 75 74 75 75 82 87 89 82 87 82 82 87 89 88 88 85 79 77 81 76 81 77 85 83 80 82 82 83
87 87 89 89 87 85 82 83 81 76 74 75 72 71 70 72 71 70 68 67 70 70 67 66 68 67 67 68 68 68 69 69 69 70 69 70 72 73 75 71 70 70 72 75 75 73 74 72 72 73 74 70 70 70 72 73 73 73 74 72 74 72 72 71 72 74 75 73 73 75 76 77 78 83 87 81 82 86 88 88 86 85 89 82 77 78 78 78 82 80 84 85 78 81 79 82
86 84 89 88 87 84 77 76 78 77 72 71 71 71 71 72 72 69 70 68 68 69 67 66 67 68 68 69 70 69 69 69 69 70 69 70 70 69 69 71 71 70 71 75 74 73 71 71 70 72 72 75 71 70 70 71 71 71 72 72 72 72 72 72 73 72 74 73 76 77 77 76 77 77 79 74 78 78 83 88 88 83 84 85 75 75 82 78 74 79 83 81 77 77 78 78
85 82 84 83 86 85 82 76 74 72 71 71 71 71 69 70 71 75 70 70 69 69 68 66 66 66 68 68 69 70 69 70 70 69 69 70 69 69 68 68 68 70 72 75 74 71 71 70 71 71 74 73 72 70 70 70 70 71 71 71 71 71 71 74 74 73 72 73 75 75 75 75 75 76 74 76 74 77 83 87 87 77 79 82 82 78 80 75 79 82 80 81 76 81 80 79
87 82 79 78 82 81 80 77 72 72 71 70 70 68 70 69 70 72 72 70 68 67 66 66 67 68 69 70 69 69 69 70 70 70 69 69 70 70 69 68 67 68 71 72 74 73 72 71 73 72 72 72 74 73 73 70 72 70 70 70 70 72 71 71 73 72 72 73 75 76 76 72 72 75 76 76 72 75 74 78 79 78 79 83 78 79 76 79 81 81 80 81 77 81 79 78
82 78 78 75 76 75 73 72 71 71 71 71 72 70 69 67 68 70 68 70 70 68 67 65 66 67 69 70 69 69 69 68 68 68 70 70 69 68 68 67 67 67 69 70 80 76 71 72 71 73 72 71 72 72 72 72 74 74 72 71 72 72 74 74 74 72 73 72 75 75 77 73 72 72 76 75 72 75 75 76 75 77 80 84 80 78 81 75 76 81 80 75 79 80 79 78
79 78 74 74 73 72 71 71 71 70 72 71 70 70 70 69 67 68 68 68 69 67 65 65 67 69 69 69 68 68 68 69 70 69 69 69 68 70 69 67 67 67 68 69 72 69 70 69 70 72 70 70 70 71 72 71 72 74 73 71 71 73 73 74 74 75 73 75 73 73 75 75 73 70 72 72 73 71 75 75 73 75 75 78 80 79 81 76 80 79 82 74 80 79 78 79
85 78 74 75 72 72 72 72 69 70 72 73 72 69 69 68 68 67 68 69 66 66 65 67 66 68 68 67 69 69 71 70 70 69 68 67 67 68 68 67 67 68 69 74 77 72 69 68 69 70 68 68 69 69 71 71 73 73 73 72 71 71 71 71 72 74 75 74 75 72 75 74 73 71 71 71 74 70 70 71 73 75 75 79 79 75 81 72 80 79 81 75 79 79 76 76
83 80 77 75 74 77 73 72 70 69 70 69 71 69 67 67 66 69 66 68 66 65 68 68 67 66 66 68 70 70 70 70 70 68 67 67 67 67 68 67 67 67 68 75 79 71 69 67 69 68 69 69 68 68 68 69 70 71 72 72 73 72 72 73 73 73 74 76 72 74 72 75 75 71 70 72 70 73 74 72 72 75 77 70 71 74 75 75 80 81 80 76 74 78 73 73
