sub_projs/PEP725/climate_data/grids_germany_multi_annual_soil_moist_1991-2010_07.asc
NCOLS    654
NROWS    866
XLLCORNER 3280414.5
YLLCORNER 5237500.5
CELLSIZE 1000
NODATA_VALUE -9999
[rows 676 to 727 of 866, columns 480 to 575 of 654]
75 75 75 75 75 75 75 75 75 76 77 77 76 75 76 76 78 78 77 78 78 78 81 79 78 85 81 82 86 85 81 83 97 101 101 102 95 93 92 91 90 88 89 91 92 89 91 89 88 90 92 91 88 89 90 92 93 93 93 92 92 96 96 96 95 95 92 94 97 94 96 99 102 99 97 96 98 97 102 104 102 100 -9999 -9999 -9999 -9999 98 -9999 -9999 -9999 -9999 -9999 -9999 -9999 -9999 -9999
75 75 75 75 75 75 75 75 75 77 76 76 75 76 76 77 77 76 76 78 77 78 79 78 79 80 79 79 86 88 79 85 93 103 103 103 100 93 92 91 92 91 92 92 91 90 91 89 90 90 90 90 90 88 89 90 91 93 93 88 91 94 95 96 96 94 91 94 97 94 95 98 96 98 100 99 96 97 97 100 103 104 102 101 102 99 99 -9999 -9999 -9999 -9999 -9999 -9999 -9999 -9999 -9999
75 75 75 75 75 75 75 75 75 75 76 76 76 76 78 77 77 77 76 76 76 76 78 77 78 80 80 79 82 84 77 83 91 95 102 101 100 96 93 92 94 93 92 92 92 92 91 91 92 90 90 89 88 88 88 88 89 90 90 87 91 90 93 92 94 91 91 92 95 93 95 95 93 95 96 97 96 95 97 99 99 104 102 100 103 99 100 100 -9999 -9999 -9999 -9999 -9999 -9999 -9999 -9999
75 75 75 75 75 75 75 75 75 75 75 76 76 76 76 76 77 76 76 76 76 76 76 77 77 78 79 79 83 84 77 81 93 91 94 97 100 98 94 94 95 96 89 93 92 93 93 93 95 93 90 88 87 86 88 90 93 92 89 88 92 90 90 91 92 91 92 91 92 95 94 95 94 94 95 97 96 95 96 99 102 104 102 102 103 101 102 100 -9999 -9999 -9999 -9999 -9999 -9999 -9999 -9999
75 75 75 75 75 75 75 75 75 75 75 75 75 76 75 76 76 76 76 76 76 76 76 76 77 79 78 79 82 78 78 85 94 91 95 94 95 97 95 85 92 90 85 90 93 94 95 95 95 93 91 89 90 87 86 89 88 88 87 88 92 88 92 90 91 94 97 94 95 94 94 94 92 94 95 95 93 93 99 100 99 101 101 103 105 104 103 101 -9999 -9999 -9999 -9999 -9999 -9999 -9999 -9999
76 75 75 75 75 75 75 75 75 75 75 75 75 75 75 75 75 76 76 76 76 76 76 77 77 77 78 79 80 78 77 85 86 85 91 91 94 96 92 81 87 82 81 85 91 93 88 94 94 92 91 90 88 87 89 83 88 92 84 89 86 88 88 92 93 94 96 98 95 96 93 93 92 94 93 94 94 95 96 98 98 100 104 105 104 104 102 102 99 -9999 -9999 -9999 -9999 -9999 -9999 -9999
76 76 76 75 76 76 76 76 75 76 76 76 76 75 75 75 76 76 75 76 76 76 76 76 75 76 76 77 80 77 78 83 81 81 86 91 87 86 83 81 83 83 80 81 83 86 85 87 93 93 92 92 89 90 87 84 90 89 86 86 84 91 88 92 93 96 89 91 94 94 95 91 94 97 95 93 93 94 96 98 100 100 102 105 104 102 102 100 101 99 98 98 -9999 -9999 -9999 -9999
76 76 76 76 76 76 76 76 76 76 76 76 76 75 75 76 76 76 76 76 76 75 75 75 76 76 76 78 80 76 77 78 79 81 89 87 86 82 81 80 80 80 80 80 82 82 84 87 93 93 94 93 93 94 90 86 86 84 84 84 83 91 91 93 94 92 91 84 88 91 91 93 91 94 93 92 94 94 95 98 101 100 102 106 105 103 101 99 99 98 98 99 -9999 -9999 -9999 -9999
76 76 76 76 76 76 76 76 76 76 76 76 75 75 76 76 76 76 76 75 75 76 76 76 76 76 76 77 78 76 77 79 83 85 87 85 86 82 81 78 79 79 79 81 84 85 92 91 98 97 94 96 93 94 88 86 84 83 84 83 83 89 89 92 92 87 87 82 88 89 87 90 90 91 91 92 93 93 95 97 100 95 100 105 104 102 101 100 99 99 99 100 -9999 -9999 -9999 -9999
76 76 76 76 76 76 76 76 76 76 76 76 76 76 76 76 76 76 76 75 75 76 76 76 76 76 76 76 76 76 76 78 81 83 85 83 83 83 81 78 80 80 80 81 87 93 96 98 101 100 96 99 96 95 96 91 85 85 82 84 82 86 91 88 90 87 85 81 83 88 86 92 92 90 93 95 93 92 95 95 97 95 95 103 104 104 101 101 99 99 100 102 102 103 -9999 -9999
76 76 76 76 76 76 76 76 76 76 76 76 76 76 76 76 76 76 76 76 76 76 76 76 76 76 76 76 76 76 76 80 83 81 82 81 81 83 81 78 78 81 81 81 84 96 96 92 95 99 91 93 98 90 90 91 87 85 83 86 82 84 85 88 88 89 86 81 87 90 88 90 95 92 90 96 96 93 93 92 92 91 96 100 99 100 101 102 102 99 101 105 105 -9999 -9999 -9999
77 77 76 76 76 76 76 76 76 76 76 76 76 76 76 76 76 76 76 76 76 76 76 76 76 76 76 76 76 76 76 76 80 78 81 79 79 81 79 77 77 83 81 83 84 87 88 91 90 94 88 86 89 85 88 90 86 85 87 86 84 84 85 87 83 88 86 82 89 87 85 89 91 93 90 92 95 97 98 91 90 91 94 94 97 96 97 98 99 99 103 107 107 -9999 -9999 -9999
77 76 76 77 76 76 76 76 76 76 76 76 76 76 76 76 76 76 76 76 76 76 76 76 77 76 76 76 76 76 76 76 79 78 81 79 77 81 80 77 80 76 80 83 84 81 80 86 85 90 89 83 83 83 82 86 84 84 84 84 84 82 83 84 86 87 82 82 86 88 84 88 86 88 92 87 91 94 95 87 90 94 95 96 96 96 96 98 96 97 102 103 106 105 107 -9999
77 77 78 77 77 77 77 77 77 77 76 76 77 76 76 76 76 76 76 76 76 76 76 77 77 77 76 76 76 76 76 76 76 76 76 79 77 79 78 77 77 77 78 78 80 80 81 81 83 87 92 86 86 82 83 81 83 83 83 84 86 83 82 86 85 85 85 81 85 83 85 88 86 86 90 86 93 92 90 87 86 91 92 94 97 98 97 98 96 96 98 101 105 102 -9999 -9999
77 77 78 78 78 77 77 77 77 77 77 77 77 76 76 76 76 76 76 76 76 76 77 77 76 76 76 76 76 76 76 76 76 76 76 77 77 78 77 78 78 78 78 79 79 80 81 82 83 84 88 82 83 81 82 82 84 84 85 85 87 84 83 86 87 86 85 85 81 82 85 89 84 87 86 89 88 89 89 87 87 91 93 93 95 98 97 96 94 96 96 100 101 98 -9999 -9999
77 78 79 78 78 77 78 78 78 77 77 77 77 76 76 76 76 76 76 77 76 77 77 76 76 76 76 76 76 76 76 76 76 76 76 76 76 77 77 77 78 78 78 80 79 79 80 81 82 82 82 83 82 82 82 82 84 85 87 85 83 88 85 83 85 86 85 84 82 83 84 84 86 83 89 87 88 88 89 88 91 94 91 92 92 94 94 95 93 94 95 96 96 95 -9999 -9999
78 79 78 79 79 79 78 78 77 78 77 77 77 76 76 76 76 77 76 77 77 77 76 76 76 76 76 76 76 76 76 76 76 76 76 76 76 76 76 78 77 79 78 78 78 80 80 80 80 81 80 81 81 81 81 84 87 87 83 83 84 84 85 82 81 81 85 84 83 82 83 82 83 84 86 87 86 86 87 87 90 92 91 91 92 93 93 93 92 94 92 94 95 93 -9999 -9999
79 79 79 78 78 79 78 79 79 79 78 77 77 77 77 77 77 77 77 77 77 77 76 76 76 76 76 76 76 76 76 76 76 76 76 76 76 76 77 77 78 77 78 78 79 79 79 80 80 81 81 81 81 80 81 82 85 85 83 83 87 85 86 84 85 85 84 84 82 83 84 83 82 86 86 87 87 87 87 89 90 91 92 91 92 93 93 92 92 92 92 92 93 -9999 -9999 -9999
79 79 79 79 77 79 78 78 77 78 78 77 77 77 77 77 77 77 77 76 77 77 76 76 76 76 76 77 77 76 77 77 77 77 76 77 77 77 77 78 78 79 77 79 80 80 80 80 80 80 80 81 80 81 81 81 84 84 84 84 83 85 86 84 84 82 82 82 82 82 81 82 83 85 84 86 87 88 89 88 90 92 93 93 94 95 93 92 91 92 92 92 90 -9999 -9999 -9999
80 79 78 78 78 78 77 77 78 78 77 77 77 77 77 77 77 77 77 77 77 77 76 76 76 76 77 77 77 77 77 77 77 77 77 77 77 77 77 77 79 78 78 79 80 81 80 80 80 80 80 80 81 80 81 81 84 83 84 83 85 85 87 83 84 84 84 80 79 80 81 84 82 84 87 85 87 88 92 90 90 93 91 92 93 94 95 95 96 92 94 93 92 -9999 -9999 -9999
79 79 79 80 79 78 78 79 78 77 77 77 77 77 77 77 77 77 77 77 77 77 76 76 77 77 77 77 77 77 77 77 77 77 77 77 77 77 77 77 79 81 82 82 82 80 81 79 80 79 80 80 80 80 80 83 82 85 88 85 83 84 85 85 84 83 84 79 85 83 84 85 85 83 84 86 87 90 93 91 88 96 93 94 93 96 96 95 95 95 95 94 94 93 92 91
79 79 80 79 78 80 79 79 79 77 77 77 77 77 77 77 77 77 77 77 77 77 77 77 77 77 77 77 77 77 77 77 77 77 77 77 77 77 77 77 80 77 80 81 82 80 79 83 81 80 81 80 80 81 82 81 87 87 85 84 82 84 85 86 85 84 80 81 84 85 84 85 85 83 87 87 88 90 96 96 93 100 97 93 95 96 97 98 97 97 98 94 94 93 92 -9999
79 79 80 80 79 79 79 78 77 77 77 77 77 77 77 77 77 77 77 77 77 77 77 78 77 77 77 77 77 77 77 77 77 77 77 77 77 77 77 77 77 77 77 80 81 81 81 82 82 81 82 81 81 82 80 80 83 83 84 83 83 84 86 85 85 82 83 79 82 84 85 84 85 84 87 86 89 93 94 97 96 97 101 98 97 98 99 99 96 98 97 95 93 95 93 -9999
80 79 79 79 80 80 79 77 77 77 77 77 77 77 77 77 77 77 77 77 77 76 78 78 77 77 77 77 77 78 78 78 78 77 77 77 77 77 77 77 77 77 77 78 81 78 80 83 84 82 80 80 82 82 81 80 82 81 84 85 84 84 85 84 86 84 81 80 82 84 85 85 85 83 86 86 90 97 96 97 93 91 95 99 97 98 98 99 98 99 99 99 95 94 95 -9999
79 79 79 78 79 78 77 77 77 77 77 77 77 77 77 77 77 77 77 77 78 78 78 78 78 78 77 77 77 77 77 78 78 77 77 77 77 77 77 77 77 77 77 79 80 79 82 82 84 85 83 83 81 81 81 80 82 82 82 84 83 82 84 82 83 84 80 82 84 85 84 85 85 83 85 87 91 97 94 96 92 87 90 92 92 94 97 99 97 99 100 99 97 94 97 -9999
79 79 80 79 77 77 77 77 77 77 77 77 77 77 77 77 77 77 78 79 78 79 79 78 78 78 78 78 78 78 78 78 78 78 78 78 77 77 77 77 77 77 77 78 80 81 81 83 83 83 83 83 82 81 81 82 81 80 81 82 81 81 84 83 83 83 79 83 85 84 84 84 85 84 82 85 90 89 90 94 88 87 90 89 94 93 94 97 98 99 100 98 99 99 96 -9999
80 79 78 77 77 77 77 77 77 77 77 77 77 77 77 79 79 79 79 80 81 80 80 80 79 79 79 78 78 78 78 78 78 78 78 78 77 77 77 77 77 77 77 77 78 81 81 82 82 81 82 84 82 84 83 81 80 79 80 80 82 80 84 82 82 82 79 83 82 83 84 84 84 84 85 82 86 87 90 92 89 89 94 91 96 97 95 96 98 101 98 97 97 100 94 -9999
78 77 77 77 77 77 77 77 77 77 77 77 77 77 79 81 81 81 81 81 80 81 79 80 80 80 81 80 79 78 78 78 78 78 78 78 78 77 77 77 77 77 77 77 77 77 81 83 82 82 79 81 82 84 85 83 82 81 82 80 82 82 81 84 83 83 79 83 83 83 83 84 84 84 86 83 85 87 86 86 87 89 89 89 95 97 96 94 98 98 97 96 97 95 95 -9999
77 77 77 78 77 77 77 77 77 77 77 77 79 79 79 81 80 81 80 81 80 80 80 79 80 80 80 81 80 80 79 78 78 78 78 78 78 78 78 77 77 78 78 80 80 78 77 82 82 81 80 81 81 81 83 86 84 84 81 82 81 81 80 81 84 83 80 82 82 84 82 83 83 83 86 84 86 84 86 85 86 87 87 88 89 94 96 94 97 99 98 95 96 95 96 -9999
77 77 78 78 77 78 78 77 78 79 80 79 81 80 80 81 80 80 80 81 80 79 80 79 80 80 80 81 80 80 79 79 79 78 79 79 79 78 79 79 78 79 79 80 82 81 81 77 82 79 79 82 82 82 82 85 88 83 82 81 80 82 82 81 83 84 82 83 84 83 82 82 82 85 84 85 82 85 83 85 86 87 87 89 91 98 99 94 97 96 97 97 94 95 93 -9999
77 78 78 78 77 78 80 80 80 80 79 80 81 80 81 80 81 79 80 80 79 79 78 78 78 78 78 78 79 79 80 81 79 79 79 80 80 79 79 79 78 79 80 81 82 82 81 79 77 79 79 81 82 81 81 82 83 84 83 82 82 80 80 81 81 82 79 81 83 83 84 81 83 84 84 84 81 84 85 86 89 86 87 90 91 98 95 93 95 97 94 97 95 94 -9999 -9999
78 78 78 78 78 80 80 81 81 81 81 81 81 80 80 80 80 79 79 79 79 79 78 78 78 78 78 78 78 78 78 79 79 80 80 79 81 80 79 79 80 80 80 80 80 80 80 78 78 80 77 79 82 81 80 81 83 82 82 83 83 83 79 79 82 82 81 81 82 83 82 84 82 83 83 84 84 82 86 86 86 86 87 87 89 93 93 97 99 93 91 97 95 93 -9999 -9999
79 79 80 80 80 81 79 80 82 81 81 81 81 81 81 79 79 79 79 79 79 80 81 81 80 80 79 79 78 78 78 78 78 78 78 79 81 81 81 79 81 79 79 78 79 79 78 80 78 80 80 78 79 80 79 80 81 79 80 80 81 82 79 82 82 82 83 80 80 83 82 82 81 80 84 83 83 84 84 85 85 86 87 87 88 89 95 90 95 94 94 90 96 95 -9999 -9999
82 81 82 81 81 81 80 81 82 84 82 82 80 80 80 79 79 80 81 81 80 82 81 80 79 80 80 82 81 79 78 78 78 78 78 78 78 79 79 79 79 78 78 78 78 79 79 80 80 81 81 79 78 78 80 80 80 78 78 78 79 80 81 83 82 83 83 80 81 83 81 82 82 82 82 86 85 82 85 86 86 87 87 88 88 89 92 92 94 93 92 92 94 96 92 -9999
82 82 81 79 81 81 81 82 82 81 82 81 80 79 79 80 80 81 81 81 82 81 81 80 80 80 80 82 82 82 78 78 78 78 78 78 78 78 78 78 78 78 78 78 79 79 80 80 80 81 82 82 82 82 80 80 80 82 83 82 80 79 79 80 82 83 82 82 81 82 81 -9999 -9999 -9999 79 85 87 84 86 86 87 88 85 88 89 89 91 91 91 91 91 90 91 93 -9999 -9999
82 81 81 80 81 81 82 82 81 82 80 79 79 79 79 81 80 81 81 82 81 81 82 82 81 81 81 79 78 79 79 79 79 79 78 78 78 78 78 78 78 80 80 79 81 81 82 80 80 82 83 82 82 81 81 80 81 81 82 83 81 81 81 78 80 82 79 79 79 79 79 -9999 -9999 -9999 -9999 82 86 84 83 89 89 89 87 88 88 89 90 91 91 90 90 90 94 -9999 -9999 -9999
82 83 81 81 83 83 83 81 83 79 79 79 80 80 81 82 81 81 81 81 80 81 81 80 81 81 79 79 80 81 81 80 80 81 80 80 79 79 79 79 78 80 81 79 81 82 82 82 81 79 81 81 83 83 80 82 82 82 82 83 82 81 81 79 78 79 81 79 81 82 83 -9999 -9999 -9999 -9999 -9999 79 81 -9999 -9999 87 87 80 88 89 90 90 92 96 91 90 -9999 -9999 -9999 -9999 -9999
82 83 81 83 82 83 81 80 79 79 80 81 82 82 82 82 81 81 82 81 81 80 81 81 79 79 79 80 82 82 81 81 81 80 80 79 79 80 81 79 80 80 80 80 80 82 82 83 81 80 82 82 84 82 82 82 84 82 83 84 82 81 81 80 80 81 79 -9999 -9999 -9999 -9999 -9999 -9999 -9999 -9999 -9999 -9999 -9999 -9999 -9999 -9999 80 81 83 87 87 89 93 97 92 91 -9999 -9999 -9999 -9999 -9999
83 83 82 82 82 81 80 80 80 80 81 82 82 82 82 82 81 81 81 81 80 80 79 79 80 80 81 80 80 81 83 81 82 80 79 79 81 80 80 79 79 80 80 80 80 82 82 81 82 80 82 82 84 82 83 82 84 83 83 85 83 81 81 83 82 82 80 -9999 -9999 -9999 -9999 -9999 -9999 -9999 -9999 -9999 -9999 -9999 -9999 -9999 -9999 -9999 -9999 -9999 84 87 90 94 97 96 -9999 -9999 -9999 -9999 -9999 -9999
81 82 82 80 80 80 80 80 80 81 82 83 81 82 82 82 81 82 82 83 80 80 81 81 81 82 81 81 82 82 82 81 81 80 79 80 81 80 81 79 80 80 81 81 82 81 81 81 81 80 80 83 84 83 85 83 84 84 85 84 86 82 81 83 84 82 82 82 79 -9999 -9999 -9999 -9999 -9999 -9999 -9999 -9999 -9999 -9999 -9999 -9999 -9999 -9999 -9999 80 83 85 92 93 93 -9999 -9999 -9999 -9999 -9999 -9999
82 80 80 80 80 80 81 81 82 82 83 82 83 82 82 83 82 82 81 81 80 81 82 83 82 82 81 83 81 81 81 80 80 79 81 82 81 80 81 79 81 80 80 81 82 81 81 80 82 83 80 80 81 83 83 84 84 82 83 85 83 85 85 83 83 84 83 83 80 -9999 -9999 -9999 -9999 -9999 -9999 -9999 -9999 -9999 -9999 -9999 -9999 -9999 -9999 -9999 -9999 -9999 80 85 93 -9999 -9999 -9999 -9999 -9999 -9999 -9999
80 80 80 80 81 82 82 82 82 83 83 83 82 82 83 83 82 82 81 81 80 81 82 83 82 82 81 83 83 83 82 82 81 80 82 83 81 82 82 81 80 80 81 82 82 83 83 82 80 81 80 80 82 81 83 82 84 83 81 83 82 84 84 83 85 86 84 84 79 -9999 -9999 -9999 -9999 -9999 -9999 -9999 -9999 -9999 -9999 -9999 -9999 -9999 -9999 -9999 -9999 -9999 -9999 -9999 80 -9999 -9999 -9999 -9999 -9999 -9999 -9999
80 80 81 81 82 82 83 83 81 82 83 83 83 82 83 82 81 80 80 81 82 81 82 82 82 83 82 83 82 82 82 80 80 81 81 83 81 83 82 80 81 82 84 83 82 82 81 82 82 81 81 81 81 81 82 81 83 83 82 82 82 83 84 84 83 84 85 85 84 -9999 -9999 -9999 -9999 -9999 -9999 -9999 -9999 -9999 -9999 -9999 -9999 -9999 -9999 -9999 -9999 -9999 -9999 -9999 -9999 -9999 -9999 -9999 -9999 -9999 -9999 -9999
82 82 82 81 83 83 83 83 83 83 83 83 83 83 83 81 81 81 82 82 83 82 82 82 83 83 83 83 83 83 81 80 82 83 83 83 82 81 81 81 81 81 83 82 82 82 82 82 84 83 82 83 82 81 83 83 81 81 81 82 81 83 83 82 82 84 85 84 84 -9999 -9999 -9999 -9999 -9999 -9999 -9999 -9999 -9999 -9999 -9999 -9999 -9999 -9999 -9999 -9999 -9999 -9999 -9999 -9999 -9999 -9999 -9999 -9999 -9999 -9999 -9999
83 82 82 83 83 83 84 83 82 82 83 83 82 83 82 81 83 82 82 81 82 83 83 83 83 83 83 82 82 82 81 83 83 83 83 82 81 81 81 82 82 83 84 83 82 83 81 82 85 84 83 84 82 83 83 83 82 81 82 81 81 82 82 82 83 84 83 82 81 -9999 -9999 -9999 -9999 -9999 -9999 -9999 -9999 -9999 -9999 -9999 -9999 -9999 -9999 -9999 -9999 -9999 -9999 -9999 -9999 -9999 -9999 -9999 -9999 -9999 -9999 -9999
82 82 82 83 84 84 82 83 84 83 82 83 81 81 81 83 83 82 81 82 83 83 83 83 83 83 83 83 82 81 82 83 84 83 83 82 81 83 81 84 82 82 84 83 82 81 81 82 84 86 88 85 83 83 84 83 82 81 81 80 82 82 82 82 81 82 82 81 -9999 -9999 -9999 -9999 -9999 -9999 -9999 -9999 -9999 -9999 -9999 -9999 -9999 -9999 -9999 -9999 -9999 -9999 -9999 -9999 -9999 -9999 -9999 -9999 -9999 -9999 -9999 -9999
83 82 83 83 83 82 82 82 82 82 83 82 82 83 82 82 83 83 83 83 83 83 83 82 82 82 81 82 83 82 83 84 84 84 83 83 81 83 82 82 84 83 84 85 82 82 82 83 85 87 87 84 83 83 83 83 82 81 81 81 81 82 82 82 82 81 81 81 -9999 -9999 -9999 -9999 -9999 -9999 -9999 -9999 -9999 -9999 -9999 -9999 -9999 -9999 -9999 -9999 -9999 -9999 -9999 -9999 -9999 -9999 -9999 -9999 -9999 -9999 -9999 -9999
83 82 83 82 83 83 83 83 83 82 83 83 83 83 83 81 83 82 83 83 83 83 83 83 82 83 83 83 83 83 83 83 83 84 84 83 82 83 83 83 84 84 84 86 83 84 83 83 83 85 87 85 83 81 81 83 82 81 82 82 82 81 81 82 81 81 81 -9999 -9999 -9999 -9999 -9999 -9999 -9999 -9999 -9999 -9999 -9999 -9999 -9999 -9999 -9999 -9999 -9999 -9999 -9999 -9999 -9999 -9999 -9999 -9999 -9999 -9999 -9999 -9999 -9999
83 83 84 83 84 84 83 83 82 84 84 83 82 82 83 82 82 83 83 83 83 83 82 83 83 83 83 84 84 83 82 84 85 85 84 85 83 84 85 83 84 83 82 85 85 87 83 84 85 86 86 84 82 83 82 81 82 81 82 83 82 82 81 81 82 81 81 -9999 -9999 -9999 -9999 -9999 -9999 -9999 -9999 -9999 -9999 -9999 -9999 -9999 -9999 -9999 -9999 -9999 -9999 -9999 -9999 -9999 -9999 -9999 -9999 -9999 -9999 -9999 -9999 -9999
84 84 84 83 84 83 83 83 83 84 83 83 84 83 83 83 84 84 84 83 83 84 84 84 83 83 83 84 83 84 84 83 84 84 85 83 83 84 85 84 83 84 82 83 84 84 83 83 84 84 87 84 83 83 81 81 83 82 81 82 82 82 82 81 80 80 81 -9999 -9999 -9999 -9999 -9999 -9999 -9999 -9999 -9999 -9999 -9999 -9999 -9999 -9999 -9999 -9999 -9999 -9999 -9999 -9999 -9999 -9999 -9999 -9999 -9999 -9999 -9999 -9999 -9999
84 83 83 84 84 83 84 82 83 84 84 83 83 82 83 83 84 84 84 83 84 83 83 84 83 83 84 83 84 85 84 83 84 84 83 83 83 83 83 83 83 83 81 82 85 82 82 82 84 83 84 84 82 81 81 81 81 82 81 82 82 82 80 80 80 80 80 80 -9999 -9999 -9999 -9999 -9999 -9999 -9999 -9999 -9999 -9999 -9999 -9999 -9999 -9999 -9999 -9999 -9999 -9999 -9999 -9999 -9999 -9999 -9999 -9999 -9999 -9999 -9999 -9999
83 83 84 84 85 84 84 84 84 84 83 83 83 83 84 83 84 83 84 84 83 82 84 84 84 84 83 84 84 84 84 84 82 83 84 84 82 83 81 82 81 83 81 83 83 83 82 81 84 82 82 84 85 83 82 81 81 82 82 81 82 80 80 80 80 80 80 80 -9999 -9999 -9999 -9999 -9999 -9999 -9999 -9999 -9999 -9999 -9999 -9999 -9999 -9999 -9999 -9999 -9999 -9999 -9999 -9999 -9999 -9999 -9999 -9999 -9999 -9999 -9999 -9999
